10 10 10
..#.......
#.o......#
.#.#......
..###....#
.#........
...#...#..
#..o......
.......#..
.....##.##
.#####..##
..##..#.#.
....##..#.
#.#.#...#.
#..#.###.#
....#.##.#
..##..#.#.
.##..#.###
####o#..#.
......#..#
#...#.....
..#..#.#..
#....#.o..
...#.#.#.#
#...#..#..
#.#.#...##
#.#...#.#.
....#.....
..#.#.....
#.....#...
..........
#...#....#
.###.###.#
#.o#.#....
.#.......#
o..##..##.
#....#.###
#.....#...
#.#.###.#.
#..#.....#
####..##.#
..#...##.#
....#.##.#
#..#.o....
......#.#.
#.o#....#.
.##..#....
###..#..##
##.#......
...#...#..
#...#.#...
.#.#....#.
##o..####.
...#..###.
.##o...#..
..#.#.....
#o....###.
.#.#.#.##.
..#.####..
..#..#....
..#...#.#.
#..#.#....
...#.#...#
.....#...#
..#....##.
...##.#.#.
...##...##
.#.#....#.
#......#..
#.......#.
#..#.#.###
.#.#.###.#
#..##...##
..#....###
....#..#.#
.##......#
...#.#...#
..##.##.##
##......#.
##.##...#.
.#.#.....#
#.........
.#......#.
##.....#..
##.#.#.#..
..##....#.
....##..##
.##.#.....
####..#.#.
#......#..
....#.....
...##.#.#.
.#..#.....
#.........
...##.#...
.#.#####.#
##.#.#....
#....#...#
##.####..#
#...#..#..
...##.#.#.
1 1 3 2
1 2 1 9
1 2 10 11
1 3 2 3
1 3 4 13
1 4 3 17
1 4 4 19
1 4 5 2
1 4 10 9
1 5 2 7
1 6 4 11
1 6 8 18
1 7 1 6
1 8 8 11
1 9 6 8
1 9 7 4
1 9 9 16
1 9 10 7
1 10 2 9
1 10 3 12
1 10 4 9
1 10 5 7
1 10 6 3
1 10 9 2
1 10 10 9
2 1 3 15
2 1 4 13
2 1 7 7
2 1 9 3
2 2 5 1
2 2 6 20
2 2 9 7
2 3 1 1
2 3 3 7
2 3 5 4
2 3 9 9
2 4 1 17
2 4 4 2
2 4 6 1
2 4 7 14
2 4 8 10
2 4 10 12
2 5 5 5
2 5 7 20
2 5 8 9
2 5 10 2
2 6 3 16
2 6 4 16
2 6 7 7
2 6 9 15
2 7 2 19
2 7 3 13
2 7 6 18
2 7 8 14
2 7 9 13
2 7 10 2
2 8 1 2
2 8 2 6
2 8 3 17
2 8 4 5
2 8 6 19
2 8 9 2
2 9 7 4
2 9 10 1
2 10 1 9
2 10 5 4
3 1 3 11
3 1 6 9
3 1 8 6
3 2 1 3
3 2 6 11
3 3 4 19
3 3 6 14
3 3 8 9
3 3 10 8
3 4 1 18
3 4 5 10
3 4 8 15
3 5 1 4
3 5 3 17
3 5 5 2
3 5 9 14
3 5 10 2
3 6 1 10
3 6 3 8
3 6 7 14
3 6 9 14
3 7 5 5
3 8 3 4
3 8 5 16
3 9 1 7
3 9 7 13
4 1 1 6
4 1 5 10
4 1 10 16
4 2 2 1
4 2 3 19
4 2 4 14
4 2 6 16
4 2 7 9
4 2 8 17
4 2 10 3
4 3 1 2
4 3 4 18
4 3 6 11
4 4 2 4
4 4 10 1
4 5 4 20
4 5 5 9
4 5 8 6
4 5 9 4
4 6 1 12
4 6 6 20
4 6 8 3
4 6 9 10
4 6 10 20
4 7 1 17
4 7 7 16
4 8 1 14
4 8 3 13
4 8 5 15
4 8 6 9
4 8 7 20
4 8 9 3
4 9 1 13
4 9 4 6
4 9 10 5
4 10 1 13
4 10 2 18
4 10 3 7
4 10 4 11
4 10 7 11
4 10 8 2
4 10 10 14
5 1 3 19
5 1 7 9
5 1 8 11
5 1 10 3
5 2 5 17
5 2 7 1
5 2 8 9
5 2 10 2
5 3 1 17
5 3 4 17
5 4 7 1
5 4 9 13
5 5 1 11
5 5 4 6
5 5 9 1
5 6 2 1
5 6 3 13
5 6 6 19
5 7 1 9
5 7 2 20
5 7 3 19
5 7 6 7
5 7 9 6
5 7 10 20
5 8 1 6
5 8 2 10
5 8 4 19
5 9 4 3
5 9 8 19
5 10 1 19
5 10 5 3
5 10 7 20
6 1 2 14
6 1 4 8
6 1 9 4
6 2 1 17
6 2 2 17
6 2 6 18
6 2 7 12
6 2 8 12
6 2 9 1
6 3 4 1
6 3 7 6
6 3 8 14
6 3 9 6
6 4 2 4
6 4 3 2
6 4 8 15
6 5 3 4
6 5 5 8
6 6 1 7
6 6 7 6
6 6 8 15
6 6 9 2
6 7 2 12
6 7 4 13
6 7 6 17
6 7 8 20
6 7 9 12
6 8 3 12
6 8 5 6
6 8 6 17
6 8 7 16
6 8 8 11
6 9 3 8
6 9 6 18
6 10 3 4
6 10 7 11
6 10 9 20
7 1 1 7
7 1 4 17
7 1 6 9
7 2 4 2
7 2 6 9
7 2 10 8
7 3 6 19
7 3 10 9
7 4 3 18
7 4 8 20
7 4 9 9
7 5 4 13
7 5 5 2
7 5 7 6
7 5 9 20
7 6 4 10
7 6 5 17
7 6 9 8
7 6 10 11
7 7 2 19
7 7 4 16
7 7 9 10
7 8 1 8
7 8 8 1
7 9 1 2
7 9 9 17
7 10 1 9
7 10 4 11
7 10 6 9
7 10 8 12
7 10 9 3
7 10 10 20
8 1 2 17
8 1 4 8
8 1 6 9
8 1 7 15
8 1 8 1
8 1 10 6
8 2 1 16
8 2 4 20
8 2 5 15
8 2 9 19
8 2 10 6
8 3 3 12
8 3 8 11
8 3 9 11
8 3 10 18
8 4 5 7
8 4 8 11
8 4 10 10
8 5 2 20
8 5 3 13
8 5 10 12
8 6 4 20
8 6 6 10
8 6 10 13
8 7 3 13
8 7 4 16
8 7 6 3
8 7 7 1
8 7 9 6
8 7 10 5
8 8 1 7
8 8 2 15
8 8 9 11
8 9 1 17
8 9 2 2
8 9 4 18
8 9 5 3
8 9 9 3
8 10 2 18
8 10 4 1
8 10 10 9
9 1 1 19
9 2 2 2
9 2 9 14
9 3 1 2
9 3 2 11
9 3 8 19
9 4 1 2
9 4 2 15
9 4 4 19
9 4 6 4
9 4 8 11
9 5 3 1
9 5 4 17
9 5 9 6
9 6 5 5
9 6 6 6
9 6 9 13
9 6 10 19
9 7 2 11
9 7 3 1
9 7 5 17
9 8 1 6
9 8 2 13
9 8 3 20
9 8 4 17
9 8 7 15
9 8 9 12
9 9 1 7
9 9 8 6
9 10 5 12
10 1 4 7
10 1 5 7
10 1 7 14
10 1 9 15
10 2 2 10
10 2 5 2
10 3 1 9
10 4 4 8
10 4 5 15
10 4 7 17
10 5 2 14
10 5 4 3
10 5 5 2
10 5 6 4
10 5 7 9
10 5 8 20
10 5 10 11
10 6 1 11
10 6 2 17
10 6 4 20
10 6 6 18
10 7 1 12
10 7 6 9
10 7 10 15
10 8 1 18
10 8 2 13
10 8 4 8
10 8 5 12
10 8 6 12
10 8 7 14
10 8 10 11
10 9 1 11
10 9 5 19
10 9 8 11
10 10 4 3
10 10 5 2
10 10 7 14
10 10 9 17
1 2 3 4
1 7 4 2
2 8 5 5
3 2 8 5
4 3 3 3
4 5 1 1
5 3 6 1
5 5 3 4
6 2 3 2
6 4 4 2
6 6 2 4
